0 = 0 1 3 190  
1 = 0 1 4 191  
2 = 2 5 192  
3 = 0 3 4 191  
4 = 1 3 4 190  
5 = 2 5 192  
6 = 6 186 281  
7 = 7 189 284  
8 = 8 9 188 282  
9 = 8 9 187 283  
10 = 10 54 142 237  
11 = 11 55 144 240  
12 = 12 56 150 248  
13 = 13 58 151 260  
14 = 14 57 157 257  
15 = 15 59 146 242  
16 = 16 60 152 249  
17 = 17 62 153 261  
18 = 18 61 165 253  
19 = 19 63 166 265  
20 = 20 64 167 269  
21 = 21 70 147 244  
22 = 22 71 154 250  
23 = 23 75 155 263  
24 = 24 72 168 254  
25 = 25 77 169 266  
26 = 26 79 170 270  
27 = 27 73 174 256  
28 = 28 78 175 267  
29 = 29 80 176 272  
30 = 30 83 177 280  
31 = 31 76 178 264  
32 = 32 82 179 278  
33 = 33 74 159 259  
34 = 34 81 182 276  
35 = 35 65 148 243  
36 = 36 67 156 262  
37 = 37 69 180 277  
38 = 38 66 161 258  
39 = 39 68 184 275  
40 = 40 90 143 239  
41 = 41 92 163 252  
42 = 42 93 164 268  
43 = 43 95 171 255  
44 = 44 96 172 271  
45 = 45 97 173 279  
46 = 46 91 160 247  
47 = 47 94 183 274  
48 = 48 84 145 238  
49 = 49 85 158 245  
50 = 50 86 149 241  
51 = 51 87 162 246  
52 = 52 88 181 251  
53 = 53 89 185 273  
54 = 10 54 98 193  
55 = 11 55 101 199  
56 = 12 56 106 200  
57 = 14 57 116 213  
58 = 13 58 109 214  
59 = 15 59 102 201  
60 = 16 60 107 202  
61 = 18 61 120 203  
62 = 17 62 110 215  
63 = 19 63 122 216  
64 = 20 64 125 224  
65 = 35 65 105 207  
66 = 38 66 118 217  
67 = 36 67 112 218  
68 = 39 68 141 230  
69 = 37 69 137 231  
70 = 21 70 103 208  
71 = 22 71 108 209  
72 = 24 72 121 210  
73 = 27 73 128 211  
74 = 33 74 117 219  
75 = 23 75 111 220  
76 = 31 76 134 221  
77 = 25 77 123 222  
78 = 28 78 129 223  
79 = 26 79 126 226  
80 = 29 80 131 227  
81 = 34 81 138 232  
82 = 32 82 136 233  
83 = 30 83 133 234  
84 = 48 84 100 194  
85 = 49 85 113 195  
86 = 50 86 104 196  
87 = 51 87 115 197  
88 = 52 88 135 198  
89 = 53 89 140 229  
90 = 40 90 99 204  
91 = 46 91 114 205  
92 = 41 92 119 206  
93 = 42 93 124 225  
94 = 47 94 139 235  
95 = 43 95 127 212  
96 = 44 96 130 228  
97 = 45 97 132 236  
98 = 54 98 142 237  
99 = 90 99 143 239  
100 = 84 100 145 238  
101 = 55 101 144 240  
102 = 59 102 146 242  
103 = 70 103 147 244  
104 = 86 104 149 241  
105 = 65 105 148 243  
106 = 56 106 150 248  
107 = 60 107 152 249  
108 = 71 108 154 250  
109 = 58 109 151 260  
110 = 62 110 153 261  
111 = 75 111 155 263  
112 = 67 112 156 262  
113 = 85 113 158 245  
114 = 91 114 160 247  
115 = 87 115 162 246  
116 = 57 116 157 257  
117 = 74 117 159 259  
118 = 66 118 161 258  
119 = 92 119 163 252  
120 = 61 120 165 253  
121 = 72 121 168 254  
122 = 63 122 166 265  
123 = 77 123 169 266  
124 = 93 124 164 268  
125 = 64 125 167 269  
126 = 79 126 170 270  
127 = 95 127 171 255  
128 = 73 128 174 256  
129 = 78 129 175 267  
130 = 96 130 172 271  
131 = 80 131 176 272  
132 = 97 132 173 279  
133 = 83 133 177 280  
134 = 76 134 178 264  
135 = 88 135 181 251  
136 = 82 136 179 278  
137 = 69 137 180 277  
138 = 81 138 182 276  
139 = 94 139 183 274  
140 = 89 140 185 273  
141 = 68 141 184 275  
142 = 10 98 142 193  
143 = 40 99 143 204  
144 = 11 101 144 199  
145 = 48 100 145 194  
146 = 15 102 146 201  
147 = 21 103 147 208  
148 = 35 105 148 207  
149 = 50 104 149 196  
150 = 12 106 150 200  
151 = 13 109 151 214  
152 = 16 107 152 202  
153 = 17 110 153 215  
154 = 22 108 154 209  
155 = 23 111 155 220  
156 = 36 112 156 218  
157 = 14 116 157 213  
158 = 49 113 158 195  
159 = 33 117 159 219  
160 = 46 114 160 205  
161 = 38 118 161 217  
162 = 51 115 162 197  
163 = 41 119 163 206  
164 = 42 124 164 225  
165 = 18 120 165 203  
166 = 19 122 166 216  
167 = 20 125 167 224  
168 = 24 121 168 210  
169 = 25 123 169 222  
170 = 26 126 170 226  
171 = 43 127 171 212  
172 = 44 130 172 228  
173 = 45 132 173 236  
174 = 27 128 174 211  
175 = 28 129 175 223  
176 = 29 131 176 227  
177 = 30 133 177 234  
178 = 31 134 178 221  
179 = 32 136 179 233  
180 = 37 137 180 231  
181 = 52 135 181 198  
182 = 34 138 182 232  
183 = 47 139 183 235  
184 = 39 141 184 230  
185 = 53 140 185 229  
186 = 6 186 281  
187 = 9 187 188 282  
188 = 8 187 188 283  
189 = 7 189 284  
190 = 0 4 190 191  
191 = 1 3 190 191  
192 = 2 5 192  
193 = 54 142 193 237  
194 = 84 145 194 238  
195 = 85 158 195 245  
196 = 86 149 196 241  
197 = 87 162 197 246  
198 = 88 181 198 251  
199 = 55 144 199 240  
200 = 56 150 200 248  
201 = 59 146 201 242  
202 = 60 152 202 249  
203 = 61 165 203 253  
204 = 90 143 204 239  
205 = 91 160 205 247  
206 = 92 163 206 252  
207 = 65 148 207 243  
208 = 70 147 208 244  
209 = 71 154 209 250  
210 = 72 168 210 254  
211 = 73 174 211 256  
212 = 95 171 212 255  
213 = 57 157 213 257  
214 = 58 151 214 260  
215 = 62 153 215 261  
216 = 63 166 216 265  
217 = 66 161 217 258  
218 = 67 156 218 262  
219 = 74 159 219 259  
220 = 75 155 220 263  
221 = 76 178 221 264  
222 = 77 169 222 266  
223 = 78 175 223 267  
224 = 64 167 224 269  
225 = 93 164 225 268  
226 = 79 170 226 270  
227 = 80 176 227 272  
228 = 96 172 228 271  
229 = 89 185 229 273  
230 = 68 184 230 275  
231 = 69 180 231 277  
232 = 81 182 232 276  
233 = 82 179 233 278  
234 = 83 177 234 280  
235 = 94 183 235 274  
236 = 97 173 236 279  
237 = 10 98 193 237  
238 = 48 100 194 238  
239 = 40 99 204 239  
240 = 11 101 199 240  
241 = 50 104 196 241  
242 = 15 102 201 242  
243 = 35 105 207 243  
244 = 21 103 208 244  
245 = 49 113 195 245  
246 = 51 115 197 246  
247 = 46 114 205 247  
248 = 12 106 200 248  
249 = 16 107 202 249  
250 = 22 108 209 250  
251 = 52 135 198 251  
252 = 41 119 206 252  
253 = 18 120 203 253  
254 = 24 121 210 254  
255 = 43 127 212 255  
256 = 27 128 211 256  
257 = 14 116 213 257  
258 = 38 118 217 258  
259 = 33 117 219 259  
260 = 13 109 214 260  
261 = 17 110 215 261  
262 = 36 112 218 262  
263 = 23 111 220 263  
264 = 31 134 221 264  
265 = 19 122 216 265  
266 = 25 123 222 266  
267 = 28 129 223 267  
268 = 42 124 225 268  
269 = 20 125 224 269  
270 = 26 126 226 270  
271 = 44 130 228 271  
272 = 29 131 227 272  
273 = 53 140 229 273  
274 = 47 139 235 274  
275 = 39 141 230 275  
276 = 34 138 232 276  
277 = 37 137 231 277  
278 = 32 136 233 278  
279 = 45 132 236 279  
280 = 30 133 234 280  
281 = 6 186 281  
282 = 8 187 282 283  
283 = 9 188 282 283  
284 = 7 189 284  
285 = 285 312 327 472  
286 = 286 311 329 470  
287 = 287 307 328 471  
288 = 288 306 330 460  
289 = 289 309 331 462  
290 = 290 313 332 465  
291 = 291 310 333 463  
292 = 292 314 334 466  
293 = 293 315 336 457  
294 = 294 319 335 469  
295 = 295 320 337 459  
296 = 296 316 338 464  
297 = 297 317 343 456  
298 = 298 321 339 467  
299 = 299 322 344 458  
300 = 300 323 341 454  
301 = 301 325 342 455  
302 = 302 326 340 453  
303 = 303 308 345 461  
304 = 304 318 346 468  
305 = 305 324 347 452  
306 = 288 306 348 444  
307 = 287 307 352 440  
308 = 303 308 349 450  
309 = 289 309 350 445  
310 = 291 310 351 447  
311 = 286 311 358 443  
312 = 285 312 359 439  
313 = 290 313 355 446  
314 = 292 314 357 448  
315 = 293 315 354 437  
316 = 296 316 356 441  
317 = 297 317 353 435  
318 = 304 318 363 451  
319 = 294 319 364 449  
320 = 295 320 361 438  
321 = 298 321 362 442  
322 = 299 322 360 436  
323 = 300 323 365 432  
324 = 305 324 367 433  
325 = 301 325 366 434  
326 = 302 326 368 431  
327 = 285 327 359 439  
328 = 287 328 352 440  
329 = 286 329 358 443  
330 = 288 330 348 444  
331 = 289 331 350 445  
332 = 290 332 355 446  
333 = 291 333 351 447  
334 = 292 334 357 448  
335 = 294 335 364 449  
336 = 293 336 354 437  
337 = 295 337 361 438  
338 = 296 338 356 441  
339 = 298 339 362 442  
340 = 302 340 368 431  
341 = 300 341 365 432  
342 = 301 342 366 434  
343 = 297 343 353 435  
344 = 299 344 360 436  
345 = 303 345 349 450  
346 = 304 346 363 451  
347 = 305 347 367 433  
348 = 306 330 348 460  
349 = 308 345 349 461  
350 = 309 331 350 462  
351 = 310 333 351 463  
352 = 307 328 352 471  
353 = 317 343 353 456  
354 = 315 336 354 457  
355 = 313 332 355 465  
356 = 316 338 356 464  
357 = 314 334 357 466  
358 = 311 329 358 470  
359 = 312 327 359 472  
360 = 322 344 360 458  
361 = 320 337 361 459  
362 = 321 339 362 467  
363 = 318 346 363 468  
364 = 319 335 364 469  
365 = 323 341 365 454  
366 = 325 342 366 455  
367 = 324 347 367 452  
368 = 326 340 368 453  
369 = 369 426 477 742  
370 = 370 428 474 745  
371 = 371 430 473 744  
372 = 372 427 475 741  
373 = 373 429 476 743  
374 = 374 411 482 726  
375 = 375 412 483 739  
376 = 376 413 484 729  
377 = 377 414 485 733  
378 = 378 416 478 727  
379 = 379 418 479 737  
380 = 380 415 486 730  
381 = 381 417 487 735  
382 = 382 419 480 728  
383 = 383 422 481 738  
384 = 384 420 488 740  
385 = 385 421 489 736  
386 = 386 423 491 732  
387 = 387 424 490 734  
388 = 388 425 492 731  
389 = 389 401 500 607  
390 = 390 400 501 604  
391 = 391 404 502 608  
392 = 392 402 503 605  
393 = 393 403 498 602  
394 = 394 405 499 603  
395 = 395 406 493 601  
396 = 396 407 494 599  
397 = 397 408 495 600  
398 = 398 410 496 606  
399 = 399 409 497 598  
400 = 390 400 507 596  
401 = 389 401 513 593  
402 = 392 402 508 597  
403 = 393 403 509 592  
404 = 391 404 514 594  
405 = 394 405 510 595  
406 = 395 406 511 591  
407 = 396 407 505 589  
408 = 397 408 506 590  
409 = 399 409 504 588  
410 = 398 410 512 587  
411 = 374 411 526 798  
412 = 375 412 533 809  
413 = 376 413 527 801  
414 = 377 414 530 805  
415 = 380 415 528 802  
416 = 378 416 520 799  
417 = 381 417 531 807  
418 = 379 418 522 811  
419 = 382 419 521 800  
420 = 384 420 534 810  
421 = 385 421 532 808  
422 = 383 422 523 812  
423 = 386 423 525 804  
424 = 387 424 529 806  
425 = 388 425 524 803  
426 = 369 426 519 814  
427 = 372 427 517 813  
428 = 370 428 516 816  
429 = 373 429 518 815  
430 = 371 430 515 817  
431 = 326 340 431 453  
432 = 323 341 432 454  
433 = 324 347 433 452  
434 = 325 342 434 455  
435 = 317 343 435 456  
436 = 322 344 436 458  
437 = 315 336 437 457  
438 = 320 337 438 459  
439 = 312 327 439 472  
440 = 307 328 440 471  
441 = 316 338 441 464  
442 = 321 339 442 467  
443 = 311 329 443 470  
444 = 306 330 444 460  
445 = 309 331 445 462  
446 = 313 332 446 465  
447 = 310 333 447 463  
448 = 314 334 448 466  
449 = 319 335 449 469  
450 = 308 345 450 461  
451 = 318 346 451 468  
452 = 305 367 433 452  
453 = 302 368 431 453  
454 = 300 365 432 454  
455 = 301 366 434 455  
456 = 297 353 435 456  
457 = 293 354 437 457  
458 = 299 360 436 458  
459 = 295 361 438 459  
460 = 288 348 444 460  
461 = 303 349 450 461  
462 = 289 350 445 462  
463 = 291 351 447 463  
464 = 296 356 441 464  
465 = 290 355 446 465  
466 = 292 357 448 466  
467 = 298 362 442 467  
468 = 304 363 451 468  
469 = 294 364 449 469  
470 = 286 358 443 470  
471 = 287 352 440 471  
472 = 285 359 439 472  
473 = 371 473 515 817  
474 = 370 474 516 816  
475 = 372 475 517 813  
476 = 373 476 518 815  
477 = 369 477 519 814  
478 = 378 478 520 799  
479 = 379 479 522 811  
480 = 382 480 521 800  
481 = 383 481 523 812  
482 = 374 482 526 798  
483 = 375 483 533 809  
484 = 376 484 527 801  
485 = 377 485 530 805  
486 = 380 486 528 802  
487 = 381 487 531 807  
488 = 384 488 534 810  
489 = 385 489 532 808  
490 = 387 490 529 806  
491 = 386 491 525 804  
492 = 388 492 524 803  
493 = 395 493 511 591  
494 = 396 494 505 589  
495 = 397 495 506 590  
496 = 398 496 512 587  
497 = 399 497 504 588  
498 = 393 498 509 592  
499 = 394 499 510 595  
500 = 389 500 513 593  
501 = 390 501 507 596  
502 = 391 502 514 594  
503 = 392 503 508 597  
504 = 409 497 504 598  
505 = 407 494 505 599  
506 = 408 495 506 600  
507 = 400 501 507 604  
508 = 402 503 508 605  
509 = 403 498 509 602  
510 = 405 499 510 603  
511 = 406 493 511 601  
512 = 410 496 512 606  
513 = 401 500 513 607  
514 = 404 502 514 608  
515 = 430 473 515 744  
516 = 428 474 516 745  
517 = 427 475 517 741  
518 = 429 476 518 743  
519 = 426 477 519 742  
520 = 416 478 520 727  
521 = 419 480 521 728  
522 = 418 479 522 737  
523 = 422 481 523 738  
524 = 425 492 524 731  
525 = 423 491 525 732  
526 = 411 482 526 726  
527 = 413 484 527 729  
528 = 415 486 528 730  
529 = 424 490 529 734  
530 = 414 485 530 733  
531 = 417 487 531 735  
532 = 421 489 532 736  
533 = 412 483 533 739  
534 = 420 488 534 740  
535 = 535 764 869  
536 = 536 538 763 865  
537 = 537 767 864  
538 = 536 538 768 868  
539 = 539 543 758 857  
540 = 540 545 759 862  
541 = 541 544 765 858  
542 = 542 546 766 863  
543 = 539 543 756 859  
544 = 541 544 757 866  
545 = 540 545 761 860  
546 = 542 546 762 867  
547 = 547 760 861  
548 = 548 558 753 856  
549 = 549 567 749 855  
550 = 550 559 746 847  
551 = 551 561 747 849  
552 = 552 563 748 851  
553 = 553 562 750 850  
554 = 554 564 751 852  
555 = 555 566 752 854  
556 = 556 560 754 848  
557 = 557 565 755 853  
558 = 548 558 777 846  
559 = 550 559 769 837  
560 = 556 560 770 844  
561 = 551 561 771 838  
562 = 553 562 772 841  
563 = 552 563 773 839  
564 = 554 564 774 842  
565 = 557 565 775 845  
566 = 555 566 776 843  
567 = 549 567 778 840  
568 = 568 609 725 786  
569 = 569 611 721 787  
570 = 570 613 719 785  
571 = 571 612 720 784  
572 = 572 614 718 783  
573 = 573 610 724 789  
574 = 574 615 716 788  
575 = 575 616 722 779  
576 = 576 618 715 780  
577 = 577 617 723 781  
578 = 578 619 717 782  
579 = 579 620 707 791  
580 = 580 621 710 796  
581 = 581 625 713 790  
582 = 582 626 714 792  
583 = 583 623 711 793  
584 = 584 624 712 794  
585 = 585 622 709 795  
586 = 586 627 708 797  
587 = 410 496 587 606  
588 = 409 497 588 598  
589 = 407 494 589 599  
590 = 408 495 590 600  
591 = 406 493 591 601  
592 = 403 498 592 602  
593 = 401 500 593 607  
594 = 404 502 594 608  
595 = 405 499 595 603  
596 = 400 501 596 604  
597 = 402 503 597 605  
598 = 399 504 588 598  
599 = 396 505 589 599  
600 = 397 506 590 600  
601 = 395 511 591 601  
602 = 393 509 592 602  
603 = 394 510 595 603  
604 = 390 507 596 604  
605 = 392 508 597 605  
606 = 398 512 587 606  
607 = 389 513 593 607  
608 = 391 514 594 608  
609 = 568 609 644 836  
610 = 573 610 643 831  
611 = 569 611 636 835  
612 = 571 612 637 833  
613 = 570 613 638 834  
614 = 572 614 640 832  
615 = 574 615 639 830  
616 = 575 616 645 827  
617 = 577 617 646 829  
618 = 576 618 641 826  
619 = 578 619 642 828  
620 = 579 620 629 819  
621 = 580 621 630 825  
622 = 585 622 631 823  
623 = 583 623 632 821  
624 = 584 624 633 822  
625 = 581 625 634 818  
626 = 582 626 635 820  
627 = 586 627 628 824  
628 = 627 628 708 797  
629 = 620 629 707 791  
630 = 621 630 710 796  
631 = 622 631 709 795  
632 = 623 632 711 793  
633 = 624 633 712 794  
634 = 625 634 713 790  
635 = 626 635 714 792  
636 = 611 636 721 787  
637 = 612 637 720 784  
638 = 613 638 719 785  
639 = 615 639 716 788  
640 = 614 640 718 783  
641 = 618 641 715 780  
642 = 619 642 717 782  
643 = 610 643 724 789  
644 = 609 644 725 786  
645 = 616 645 722 779  
646 = 617 646 723 781  
647 = 647 685 706  
648 = 648 649 686 704  
649 = 648 649 683 705  
650 = 650 684 703  
651 = 651 659 681 702  
652 = 652 665 680 701  
653 = 653 660 682 699  
654 = 654 662 679 697  
655 = 655 661 678 698  
656 = 656 663 677 696  
657 = 657 666 675 700  
658 = 658 664 676 695  
659 = 651 659 674 692  
660 = 653 660 673 687  
661 = 655 661 670 688  
662 = 654 662 671 689  
663 = 656 663 669 690  
664 = 658 664 668 691  
665 = 652 665 672 693  
666 = 657 666 667 694  
667 = 666 667 675 700  
668 = 664 668 676 695  
669 = 663 669 677 696  
670 = 661 670 678 698  
671 = 662 671 679 697  
672 = 665 672 680 701  
673 = 660 673 682 699  
674 = 659 674 681 702  
675 = 657 667 675 694  
676 = 658 668 676 691  
677 = 656 669 677 690  
678 = 655 670 678 688  
679 = 654 671 679 689  
680 = 652 672 680 693  
681 = 651 674 681 692  
682 = 653 673 682 687  
683 = 649 683 686 704  
684 = 650 684 703  
685 = 647 685 706  
686 = 648 683 686 705  
687 = 660 682 687 699  
688 = 661 678 688 698  
689 = 662 679 689 697  
690 = 663 677 690 696  
691 = 664 676 691 695  
692 = 659 681 692 702  
693 = 665 680 693 701  
694 = 666 675 694 700  
695 = 658 668 691 695  
696 = 656 669 690 696  
697 = 654 671 689 697  
698 = 655 670 688 698  
699 = 653 673 687 699  
700 = 657 667 694 700  
701 = 652 672 693 701  
702 = 651 674 692 702  
703 = 650 684 703  
704 = 648 683 704 705  
705 = 649 686 704 705  
706 = 647 685 706  
707 = 579 629 707 819  
708 = 586 628 708 824  
709 = 585 631 709 823  
710 = 580 630 710 825  
711 = 583 632 711 821  
712 = 584 633 712 822  
713 = 581 634 713 818  
714 = 582 635 714 820  
715 = 576 641 715 826  
716 = 574 639 716 830  
717 = 578 642 717 828  
718 = 572 640 718 832  
719 = 570 638 719 834  
720 = 571 637 720 833  
721 = 569 636 721 835  
722 = 575 645 722 827  
723 = 577 646 723 829  
724 = 573 643 724 831  
725 = 568 644 725 836  
726 = 374 526 726 798  
727 = 378 520 727 799  
728 = 382 521 728 800  
729 = 376 527 729 801  
730 = 380 528 730 802  
731 = 388 524 731 803  
732 = 386 525 732 804  
733 = 377 530 733 805  
734 = 387 529 734 806  
735 = 381 531 735 807  
736 = 385 532 736 808  
737 = 379 522 737 811  
738 = 383 523 738 812  
739 = 375 533 739 809  
740 = 384 534 740 810  
741 = 372 517 741 813  
742 = 369 519 742 814  
743 = 373 518 743 815  
744 = 371 515 744 817  
745 = 370 516 745 816  
746 = 550 746 769 837  
747 = 551 747 771 838  
748 = 552 748 773 839  
749 = 549 749 778 840  
750 = 553 750 772 841  
751 = 554 751 774 842  
752 = 555 752 776 843  
753 = 548 753 777 846  
754 = 556 754 770 844  
755 = 557 755 775 845  
756 = 543 756 758 857  
757 = 544 757 765 858  
758 = 539 756 758 859  
759 = 540 759 761 860  
760 = 547 760 861  
761 = 545 759 761 862  
762 = 546 762 766 863  
763 = 536 763 768 868  
764 = 535 764 869  
765 = 541 757 765 866  
766 = 542 762 766 867  
767 = 537 767 864  
768 = 538 763 768 865  
769 = 559 746 769 847  
770 = 560 754 770 848  
771 = 561 747 771 849  
772 = 562 750 772 850  
773 = 563 748 773 851  
774 = 564 751 774 852  
775 = 565 755 775 853  
776 = 566 752 776 854  
777 = 558 753 777 856  
778 = 567 749 778 855  
779 = 575 645 779 827  
780 = 576 641 780 826  
781 = 577 646 781 829  
782 = 578 642 782 828  
783 = 572 640 783 832  
784 = 571 637 784 833  
785 = 570 638 785 834  
786 = 568 644 786 836  
787 = 569 636 787 835  
788 = 574 639 788 830  
789 = 573 643 789 831  
790 = 581 634 790 818  
791 = 579 629 791 819  
792 = 582 635 792 820  
793 = 583 632 793 821  
794 = 584 633 794 822  
795 = 585 631 795 823  
796 = 580 630 796 825  
797 = 586 628 797 824  
798 = 411 482 726 798  
799 = 416 478 727 799  
800 = 419 480 728 800  
801 = 413 484 729 801  
802 = 415 486 730 802  
803 = 425 492 731 803  
804 = 423 491 732 804  
805 = 414 485 733 805  
806 = 424 490 734 806  
807 = 417 487 735 807  
808 = 421 489 736 808  
809 = 412 483 739 809  
810 = 420 488 740 810  
811 = 418 479 737 811  
812 = 422 481 738 812  
813 = 427 475 741 813  
814 = 426 477 742 814  
815 = 429 476 743 815  
816 = 428 474 745 816  
817 = 430 473 744 817  
818 = 625 713 790 818  
819 = 620 707 791 819  
820 = 626 714 792 820  
821 = 623 711 793 821  
822 = 624 712 794 822  
823 = 622 709 795 823  
824 = 627 708 797 824  
825 = 621 710 796 825  
826 = 618 715 780 826  
827 = 616 722 779 827  
828 = 619 717 782 828  
829 = 617 723 781 829  
830 = 615 716 788 830  
831 = 610 724 789 831  
832 = 614 718 783 832  
833 = 612 720 784 833  
834 = 613 719 785 834  
835 = 611 721 787 835  
836 = 609 725 786 836  
837 = 559 746 837 847  
838 = 561 747 838 849  
839 = 563 748 839 851  
840 = 567 749 840 855  
841 = 562 750 841 850  
842 = 564 751 842 852  
843 = 566 752 843 854  
844 = 560 754 844 848  
845 = 565 755 845 853  
846 = 558 753 846 856  
847 = 550 769 837 847  
848 = 556 770 844 848  
849 = 551 771 838 849  
850 = 553 772 841 850  
851 = 552 773 839 851  
852 = 554 774 842 852  
853 = 557 775 845 853  
854 = 555 776 843 854  
855 = 549 778 840 855  
856 = 548 777 846 856  
857 = 539 756 857 859  
858 = 541 757 858 866  
859 = 543 758 857 859  
860 = 545 759 860 862  
861 = 547 760 861  
862 = 540 761 860 862  
863 = 542 762 863 867  
864 = 537 767 864  
865 = 536 768 865 868  
866 = 544 765 858 866  
867 = 546 766 863 867  
868 = 538 763 865 868  
869 = 535 764 869  
870 = 870 873 1154 1439  
871 = 871 874 1155 1440  
872 = 872 1166 1459  
873 = 870 873 1156 1437  
874 = 871 874 1157 1438  
875 = 875 885 1158 1451  
876 = 876 887 1159 1453  
877 = 877 889 1160 1455  
878 = 878 888 1161 1454  
879 = 879 890 1162 1456  
880 = 880 892 1163 1458  
881 = 881 886 1164 1452  
882 = 882 891 1165 1457  
883 = 883 893 1167 1460  
884 = 884 894 1168 1461  
885 = 875 885 1169 1441  
886 = 881 886 1170 1447  
887 = 876 887 1171 1442  
888 = 878 888 1172 1444  
889 = 877 889 1173 1443  
890 = 879 890 1174 1445  
891 = 882 891 1175 1448  
892 = 880 892 1176 1446  
893 = 883 893 1177 1449  
894 = 884 894 1178 1450  
895 = 895 901 1179 1611  
896 = 896 905 1180 1520  
897 = 897 906 1181 1521  
898 = 898 903 1182 1518  
899 = 899 904 1183 1519  
900 = 900 902 1184 1517  
901 = 895 901 1290 1498  
902 = 900 902 1234 1489  
903 = 898 903 1235 1487  
904 = 899 904 1236 1488  
905 = 896 905 1237 1485  
906 = 897 906 1238 1486  
907 = 907 922 1240 1586  
908 = 908 924 1239 1585  
909 = 909 921 1241 1583  
910 = 910 923 1242 1584  
911 = 911 914 1243 1550  
912 = 912 913 1244 1549  
913 = 912 913 1245 1548  
914 = 911 914 1246 1547  
915 = 915 916 1399 1580  
916 = 915 916 1401 1577  
917 = 917 1400 1578  
918 = 918 1402 1579  
919 = 919 920 1398 1576  
920 = 919 920 1403 1575  
921 = 909 921 1404 1532  
922 = 907 922 1406 1531  
923 = 910 923 1405 1533  
924 = 908 924 1407 1530  
925 = 925 942 1188 1483  
926 = 926 934 1189 1475  
927 = 927 936 1190 1477  
928 = 928 938 1191 1479  
929 = 929 937 1192 1478  
930 = 930 939 1193 1480  
931 = 931 941 1194 1482  
932 = 932 935 1195 1476  
933 = 933 940 1196 1481  
934 = 926 934 1197 1467  
935 = 932 935 1198 1473  
936 = 927 936 1199 1468  
937 = 929 937 1200 1470  
938 = 928 938 1201 1469  
939 = 930 939 1202 1471  
940 = 933 940 1203 1474  
941 = 931 941 1204 1472  
942 = 925 942 1205 1466  
943 = 943 969 1206 1623  
944 = 944 963 1207 1624  
945 = 945 965 1208 1628  
946 = 946 967 1209 1626  
947 = 947 964 1210 1625  
948 = 948 966 1211 1629  
949 = 949 968 1212 1627  
950 = 950 970 1213 1615  
951 = 951 976 1214 1621  
952 = 952 971 1215 1616  
953 = 953 973 1216 1618  
954 = 954 972 1217 1617  
955 = 955 974 1218 1619  
956 = 956 977 1219 1622  
957 = 957 975 1220 1620  
958 = 958 1053 1221 1528  
959 = 959 1054 1222 1529  
960 = 960 1051 1223 1526  
961 = 961 1052 1224 1527  
962 = 962 1050 1225 1525  
963 = 944 963 1311 1510  
964 = 947 964 1312 1513  
965 = 945 965 1315 1512  
966 = 948 966 1316 1515  
967 = 946 967 1313 1511  
968 = 949 968 1314 1514  
969 = 943 969 1310 1516  
970 = 950 970 1302 1502  
971 = 952 971 1303 1504  
972 = 954 972 1304 1506  
973 = 953 973 1305 1505  
974 = 955 974 1306 1507  
975 = 957 975 1307 1509  
976 = 951 976 1308 1503  
977 = 956 977 1309 1508  
978 = 978 985 1348 1712  
979 = 979 990 1349 1696  
980 = 980 1367 1718  
981 = 981 1000 1366 1711  
982 = 982 987 1368 1707  
983 = 983 994 1365 1704  
984 = 984 989 1364 1705  
985 = 978 985 1362 1695  
986 = 986 996 1363 1703  
987 = 982 987 1354 1717  
988 = 988 1355 1706  
989 = 984 989 1356 1714  
990 = 979 990 1350 1694  
991 = 991 1002 1351 1710  
992 = 992 998 1352 1702  
993 = 993 1353 1699  
994 = 983 994 1358 1715  
995 = 995 1357 1700  
996 = 986 996 1360 1713  
997 = 997 1001 1359 1709  
998 = 992 998 1361 1698  
999 = 999 1369 1708  
1000 = 981 1000 1371 1716  
1001 = 997 1001 1370 1701  
1002 = 991 1002 1372 1697  
1003 = 1003 1009 1373 1680  
1004 = 1004 1012 1374 1683  
1005 = 1005 1010 1377 1682  
1006 = 1006 1013 1378 1685  
1007 = 1007 1011 1375 1681  
1008 = 1008 1014 1376 1684  
1009 = 1003 1009 1333 1688  
1010 = 1005 1010 1334 1692  
1011 = 1007 1011 1335 1690  
1012 = 1004 1012 1336 1689  
1013 = 1006 1013 1337 1693  
1014 = 1008 1014 1338 1691  
1015 = 1015 1339 1679  
1016 = 1016 1035 1323 1687  
1017 = 1017 1034 1324 1686  
1018 = 1018 1026 1325 1671  
1019 = 1019 1028 1326 1673  
1020 = 1020 1030 1327 1675  
1021 = 1021 1029 1328 1674  
1022 = 1022 1031 1329 1676  
1023 = 1023 1033 1330 1678  
1024 = 1024 1027 1331 1672  
1025 = 1025 1032 1332 1677  
1026 = 1018 1026 1340 1663  
1027 = 1024 1027 1341 1669  
1028 = 1019 1028 1342 1664  
1029 = 1021 1029 1343 1666  
1030 = 1020 1030 1344 1665  
1031 = 1022 1031 1345 1667  
1032 = 1025 1032 1346 1670  
1033 = 1023 1033 1347 1668  
1034 = 1017 1034 1379 1662  
1035 = 1016 1035 1380 1661  
1036 = 1036 1076 1321 1610  
1037 = 1037 1078 1320 1609  
1038 = 1038 1077 1322 1608  
1039 = 1039 1075 1319 1607  
1040 = 1040 1079 1317 1605  
1041 = 1041 1080 1318 1606  
1042 = 1042 1055 1386 1570  
1043 = 1043 1056 1388 1572  
1044 = 1044 1057 1387 1571  
1045 = 1045 1061 1381 1568  
1046 = 1046 1062 1382 1569  
1047 = 1047 1059 1383 1566  
1048 = 1048 1060 1384 1567  
1049 = 1049 1058 1385 1565  
1050 = 962 1050 1261 1497  
1051 = 960 1051 1262 1495  
1052 = 961 1052 1263 1496  
1053 = 958 1053 1264 1493  
1054 = 959 1054 1265 1494  
1055 = 1042 1055 1272 1652  
1056 = 1043 1056 1273 1654  
1057 = 1044 1057 1274 1653  
1058 = 1049 1058 1275 1651  
1059 = 1047 1059 1276 1649  
1060 = 1048 1060 1277 1650  
1061 = 1045 1061 1278 1647  
1062 = 1046 1062 1279 1648  
1063 = 1063 1086 1266 1599  
1064 = 1064 1085 1267 1598  
1065 = 1065 1082 1269 1597  
1066 = 1066 1084 1268 1596  
1067 = 1067 1081 1270 1594  
1068 = 1068 1083 1271 1595  
1069 = 1069 1074 1280 1558  
1070 = 1070 1073 1281 1557  
1071 = 1071 1072 1282 1556  
1072 = 1071 1072 1283 1555  
1073 = 1070 1073 1284 1554  
1074 = 1069 1074 1285 1553  
1075 = 1039 1075 1415 1637  
1076 = 1036 1076 1417 1640  
1077 = 1038 1077 1416 1639  
1078 = 1037 1078 1418 1638  
1079 = 1040 1079 1413 1635  
1080 = 1041 1080 1414 1636  
1081 = 1067 1081 1419 1545  
1082 = 1065 1082 1421 1544  
1083 = 1068 1083 1420 1546  
1084 = 1066 1084 1422 1543  
1085 = 1064 1085 1423 1542  
1086 = 1063 1086 1424 1541  
1087 = 1087 1121 1185 1464  
1088 = 1088 1122 1186 1465  
1089 = 1089 1138 1187 1524  
1090 = 1090 1123 1291 1499  
1091 = 1091 1124 1292 1500  
1092 = 1092 1125 1293 1501  
1093 = 1093 1129 1298 1658  
1094 = 1094 1131 1299 1660  
1095 = 1095 1130 1300 1659  
1096 = 1096 1142 1294 1604  
1097 = 1097 1143 1295 1603  
1098 = 1098 1144 1296 1601  
1099 = 1099 1145 1297 1602  
1100 = 1100 1139 1301 1564  
1101 = 1101 1127 1247 1491  
1102 = 1102 1128 1248 1492  
1103 = 1103 1133 1258 1645  
1104 = 1104 1134 1259 1646  
1105 = 1105 1135 1256 1644  
1106 = 1106 1137 1255 1643  
1107 = 1107 1136 1257 1642  
1108 = 1108 1147 1252 1593  
1109 = 1109 1150 1250 1592  
1110 = 1110 1152 1249 1591  
1111 = 1111 1151 1251 1590  
1112 = 1112 1148 1253 1588  
1113 = 1113 1149 1254 1589  
1114 = 1114 1141 1260 1552  
1115 = 1115 1120 1408 1436  
1116 = 1116 1126 1409 1484  
1117 = 1117 1132 1411 1634  
1118 = 1118 1146 1410 1582  
1119 = 1119 1140 1412 1540  
1120 = 1115 1120 1153 1573  
1121 = 1087 1121 1226 1462  
1122 = 1088 1122 1227 1463  
1123 = 1090 1123 1229 1612  
1124 = 1091 1124 1230 1613  
1125 = 1092 1125 1231 1614  
1126 = 1116 1126 1228 1574  
1127 = 1101 1127 1232 1522  
1128 = 1102 1128 1233 1523  
1129 = 1093 1129 1390 1655  
1130 = 1095 1130 1391 1657  
1131 = 1094 1131 1392 1656  
1132 = 1117 1132 1389 1600  
1133 = 1103 1133 1393 1562  
1134 = 1104 1134 1394 1563  
1135 = 1105 1135 1396 1561  
1136 = 1107 1136 1395 1560  
1137 = 1106 1137 1397 1559  
1138 = 1089 1138 1286 1490  
1139 = 1100 1139 1288 1641  
1140 = 1119 1140 1287 1587  
1141 = 1114 1141 1289 1551  
1142 = 1096 1142 1429 1633  
1143 = 1097 1143 1428 1632  
1144 = 1098 1144 1426 1630  
1145 = 1099 1145 1427 1631  
1146 = 1118 1146 1425 1581  
1147 = 1108 1147 1432 1539  
1148 = 1112 1148 1430 1537  
1149 = 1113 1149 1431 1538  
1150 = 1109 1150 1434 1536  
1151 = 1111 1151 1433 1535  
1152 = 1110 1152 1435 1534  
1153 = 1120 1153 1408 1436  
1154 = 870 1154 1156 1437  
1155 = 871 1155 1157 1438  
1156 = 873 1154 1156 1439  
1157 = 874 1155 1157 1440  
1158 = 875 1158 1169 1441  
1159 = 876 1159 1171 1442  
1160 = 877 1160 1173 1443  
1161 = 878 1161 1172 1444  
1162 = 879 1162 1174 1445  
1163 = 880 1163 1176 1446  
1164 = 881 1164 1170 1447  
1165 = 882 1165 1175 1448  
1166 = 872 1166 1459  
1167 = 883 1167 1177 1449  
1168 = 884 1168 1178 1450  
1169 = 885 1158 1169 1451  
1170 = 886 1164 1170 1452  
1171 = 887 1159 1171 1453  
1172 = 888 1161 1172 1454  
1173 = 889 1160 1173 1455  
1174 = 890 1162 1174 1456  
1175 = 891 1165 1175 1457  
1176 = 892 1163 1176 1458  
1177 = 893 1167 1177 1460  
1178 = 894 1168 1178 1461  
1179 = 895 1179 1290 1498  
1180 = 896 1180 1237 1485  
1181 = 897 1181 1238 1486  
1182 = 898 1182 1235 1487  
1183 = 899 1183 1236 1488  
1184 = 900 1184 1234 1489  
1185 = 1087 1185 1226 1462  
1186 = 1088 1186 1227 1463  
1187 = 1089 1187 1286 1490  
1188 = 925 1188 1205 1466  
1189 = 926 1189 1197 1467  
1190 = 927 1190 1199 1468  
1191 = 928 1191 1201 1469  
1192 = 929 1192 1200 1470  
1193 = 930 1193 1202 1471  
1194 = 931 1194 1204 1472  
1195 = 932 1195 1198 1473  
1196 = 933 1196 1203 1474  
1197 = 934 1189 1197 1475  
1198 = 935 1195 1198 1476  
1199 = 936 1190 1199 1477  
1200 = 937 1192 1200 1478  
1201 = 938 1191 1201 1479  
1202 = 939 1193 1202 1480  
1203 = 940 1196 1203 1481  
1204 = 941 1194 1204 1482  
1205 = 942 1188 1205 1483  
1206 = 943 1206 1310 1516  
1207 = 944 1207 1311 1510  
1208 = 945 1208 1315 1512  
1209 = 946 1209 1313 1511  
1210 = 947 1210 1312 1513  
1211 = 948 1211 1316 1515  
1212 = 949 1212 1314 1514  
1213 = 950 1213 1302 1502  
1214 = 951 1214 1308 1503  
1215 = 952 1215 1303 1504  
1216 = 953 1216 1305 1505  
1217 = 954 1217 1304 1506  
1218 = 955 1218 1306 1507  
1219 = 956 1219 1309 1508  
1220 = 957 1220 1307 1509  
1221 = 958 1221 1264 1493  
1222 = 959 1222 1265 1494  
1223 = 960 1223 1262 1495  
1224 = 961 1224 1263 1496  
1225 = 962 1225 1261 1497  
1226 = 1121 1185 1226 1464  
1227 = 1122 1186 1227 1465  
1228 = 1126 1228 1409 1484  
1229 = 1123 1229 1291 1499  
1230 = 1124 1230 1292 1500  
1231 = 1125 1231 1293 1501  
1232 = 1127 1232 1247 1491  
1233 = 1128 1233 1248 1492  
1234 = 902 1184 1234 1517  
1235 = 903 1182 1235 1518  
1236 = 904 1183 1236 1519  
1237 = 905 1180 1237 1520  
1238 = 906 1181 1238 1521  
1239 = 908 1239 1407 1530  
1240 = 907 1240 1406 1531  
1241 = 909 1241 1404 1532  
1242 = 910 1242 1405 1533  
1243 = 911 1243 1246 1547  
1244 = 912 1244 1245 1548  
1245 = 913 1244 1245 1549  
1246 = 914 1243 1246 1550  
1247 = 1101 1232 1247 1522  
1248 = 1102 1233 1248 1523  
1249 = 1110 1249 1435 1534  
1250 = 1109 1250 1434 1536  
1251 = 1111 1251 1433 1535  
1252 = 1108 1252 1432 1539  
1253 = 1112 1253 1430 1537  
1254 = 1113 1254 1431 1538  
1255 = 1106 1255 1397 1559  
1256 = 1105 1256 1396 1561  
1257 = 1107 1257 1395 1560  
1258 = 1103 1258 1393 1562  
1259 = 1104 1259 1394 1563  
1260 = 1114 1260 1289 1551  
1261 = 1050 1225 1261 1525  
1262 = 1051 1223 1262 1526  
1263 = 1052 1224 1263 1527  
1264 = 1053 1221 1264 1528  
1265 = 1054 1222 1265 1529  
1266 = 1063 1266 1424 1541  
1267 = 1064 1267 1423 1542  
1268 = 1066 1268 1422 1543  
1269 = 1065 1269 1421 1544  
1270 = 1067 1270 1419 1545  
1271 = 1068 1271 1420 1546  
1272 = 1055 1272 1386 1570  
1273 = 1056 1273 1388 1572  
1274 = 1057 1274 1387 1571  
1275 = 1058 1275 1385 1565  
1276 = 1059 1276 1383 1566  
1277 = 1060 1277 1384 1567  
1278 = 1061 1278 1381 1568  
1279 = 1062 1279 1382 1569  
1280 = 1069 1280 1285 1553  
1281 = 1070 1281 1284 1554  
1282 = 1071 1282 1283 1555  
1283 = 1072 1282 1283 1556  
1284 = 1073 1281 1284 1557  
1285 = 1074 1280 1285 1558  
1286 = 1138 1187 1286 1524  
1287 = 1140 1287 1412 1540  
1288 = 1139 1288 1301 1564  
1289 = 1141 1260 1289 1552  
1290 = 901 1179 1290 1611  
1291 = 1090 1229 1291 1612  
1292 = 1091 1230 1292 1613  
1293 = 1092 1231 1293 1614  
1294 = 1096 1294 1429 1633  
1295 = 1097 1295 1428 1632  
1296 = 1098 1296 1426 1630  
1297 = 1099 1297 1427 1631  
1298 = 1093 1298 1390 1655  
1299 = 1094 1299 1392 1656  
1300 = 1095 1300 1391 1657  
1301 = 1100 1288 1301 1641  
1302 = 970 1213 1302 1615  
1303 = 971 1215 1303 1616  
1304 = 972 1217 1304 1617  
1305 = 973 1216 1305 1618  
1306 = 974 1218 1306 1619  
1307 = 975 1220 1307 1620  
1308 = 976 1214 1308 1621  
1309 = 977 1219 1309 1622  
1310 = 969 1206 1310 1623  
1311 = 963 1207 1311 1624  
1312 = 964 1210 1312 1625  
1313 = 967 1209 1313 1626  
1314 = 968 1212 1314 1627  
1315 = 965 1208 1315 1628  
1316 = 966 1211 1316 1629  
1317 = 1040 1317 1413 1635  
1318 = 1041 1318 1414 1636  
1319 = 1039 1319 1415 1637  
1320 = 1037 1320 1418 1638  
1321 = 1036 1321 1417 1640  
1322 = 1038 1322 1416 1639  
1323 = 1016 1323 1380 1661  
1324 = 1017 1324 1379 1662  
1325 = 1018 1325 1340 1663  
1326 = 1019 1326 1342 1664  
1327 = 1020 1327 1344 1665  
1328 = 1021 1328 1343 1666  
1329 = 1022 1329 1345 1667  
1330 = 1023 1330 1347 1668  
1331 = 1024 1331 1341 1669  
1332 = 1025 1332 1346 1670  
1333 = 1009 1333 1373 1680  
1334 = 1010 1334 1377 1682  
1335 = 1011 1335 1375 1681  
1336 = 1012 1336 1374 1683  
1337 = 1013 1337 1378 1685  
1338 = 1014 1338 1376 1684  
1339 = 1015 1339 1679  
1340 = 1026 1325 1340 1671  
1341 = 1027 1331 1341 1672  
1342 = 1028 1326 1342 1673  
1343 = 1029 1328 1343 1674  
1344 = 1030 1327 1344 1675  
1345 = 1031 1329 1345 1676  
1346 = 1032 1332 1346 1677  
1347 = 1033 1330 1347 1678  
1348 = 978 1348 1362 1695  
1349 = 979 1349 1350 1694  
1350 = 990 1349 1350 1696  
1351 = 991 1351 1372 1697  
1352 = 992 1352 1361 1698  
1353 = 993 1353 1699  
1354 = 987 1354 1368 1707  
1355 = 988 1355 1706  
1356 = 989 1356 1364 1705  
1357 = 995 1357 1700  
1358 = 994 1358 1365 1704  
1359 = 997 1359 1370 1701  
1360 = 996 1360 1363 1703  
1361 = 998 1352 1361 1702  
1362 = 985 1348 1362 1712  
1363 = 986 1360 1363 1713  
1364 = 984 1356 1364 1714  
1365 = 983 1358 1365 1715  
1366 = 981 1366 1371 1716  
1367 = 980 1367 1718  
1368 = 982 1354 1368 1717  
1369 = 999 1369 1708  
1370 = 1001 1359 1370 1709  
1371 = 1000 1366 1371 1711  
1372 = 1002 1351 1372 1710  
1373 = 1003 1333 1373 1688  
1374 = 1004 1336 1374 1689  
1375 = 1007 1335 1375 1690  
1376 = 1008 1338 1376 1691  
1377 = 1005 1334 1377 1692  
1378 = 1006 1337 1378 1693  
1379 = 1034 1324 1379 1686  
1380 = 1035 1323 1380 1687  
1381 = 1045 1278 1381 1647  
1382 = 1046 1279 1382 1648  
1383 = 1047 1276 1383 1649  
1384 = 1048 1277 1384 1650  
1385 = 1049 1275 1385 1651  
1386 = 1042 1272 1386 1652  
1387 = 1044 1274 1387 1653  
1388 = 1043 1273 1388 1654  
1389 = 1132 1389 1411 1634  
1390 = 1129 1298 1390 1658  
1391 = 1130 1300 1391 1659  
1392 = 1131 1299 1392 1660  
1393 = 1133 1258 1393 1645  
1394 = 1134 1259 1394 1646  
1395 = 1136 1257 1395 1642  
1396 = 1135 1256 1396 1644  
1397 = 1137 1255 1397 1643  
1398 = 919 1398 1403 1575  
1399 = 915 1399 1401 1577  
1400 = 917 1400 1578  
1401 = 916 1399 1401 1580  
1402 = 918 1402 1579  
1403 = 920 1398 1403 1576  
1404 = 921 1241 1404 1583  
1405 = 923 1242 1405 1584  
1406 = 922 1240 1406 1586  
1407 = 924 1239 1407 1585  
1408 = 1115 1153 1408 1573  
1409 = 1116 1228 1409 1574  
1410 = 1118 1410 1425 1581  
1411 = 1117 1389 1411 1600  
1412 = 1119 1287 1412 1587  
1413 = 1079 1317 1413 1605  
1414 = 1080 1318 1414 1606  
1415 = 1075 1319 1415 1607  
1416 = 1077 1322 1416 1608  
1417 = 1076 1321 1417 1610  
1418 = 1078 1320 1418 1609  
1419 = 1081 1270 1419 1594  
1420 = 1083 1271 1420 1595  
1421 = 1082 1269 1421 1597  
1422 = 1084 1268 1422 1596  
1423 = 1085 1267 1423 1598  
1424 = 1086 1266 1424 1599  
1425 = 1146 1410 1425 1582  
1426 = 1144 1296 1426 1601  
1427 = 1145 1297 1427 1602  
1428 = 1143 1295 1428 1603  
1429 = 1142 1294 1429 1604  
1430 = 1148 1253 1430 1588  
1431 = 1149 1254 1431 1589  
1432 = 1147 1252 1432 1593  
1433 = 1151 1251 1433 1590  
1434 = 1150 1250 1434 1592  
1435 = 1152 1249 1435 1591  
1436 = 1115 1153 1436 1573  
1437 = 873 1154 1437 1439  
1438 = 874 1155 1438 1440  
1439 = 870 1156 1437 1439  
1440 = 871 1157 1438 1440  
1441 = 885 1158 1441 1451  
1442 = 887 1159 1442 1453  
1443 = 889 1160 1443 1455  
1444 = 888 1161 1444 1454  
1445 = 890 1162 1445 1456  
1446 = 892 1163 1446 1458  
1447 = 886 1164 1447 1452  
1448 = 891 1165 1448 1457  
1449 = 893 1167 1449 1460  
1450 = 894 1168 1450 1461  
1451 = 875 1169 1441 1451  
1452 = 881 1170 1447 1452  
1453 = 876 1171 1442 1453  
1454 = 878 1172 1444 1454  
1455 = 877 1173 1443 1455  
1456 = 879 1174 1445 1456  
1457 = 882 1175 1448 1457  
1458 = 880 1176 1446 1458  
1459 = 872 1166 1459  
1460 = 883 1177 1449 1460  
1461 = 884 1178 1450 1461  
1462 = 1121 1185 1462 1464  
1463 = 1122 1186 1463 1465  
1464 = 1087 1226 1462 1464  
1465 = 1088 1227 1463 1465  
1466 = 942 1188 1466 1483  
1467 = 934 1189 1467 1475  
1468 = 936 1190 1468 1477  
1469 = 938 1191 1469 1479  
1470 = 937 1192 1470 1478  
1471 = 939 1193 1471 1480  
1472 = 941 1194 1472 1482  
1473 = 935 1195 1473 1476  
1474 = 940 1196 1474 1481  
1475 = 926 1197 1467 1475  
1476 = 932 1198 1473 1476  
1477 = 927 1199 1468 1477  
1478 = 929 1200 1470 1478  
1479 = 928 1201 1469 1479  
1480 = 930 1202 1471 1480  
1481 = 933 1203 1474 1481  
1482 = 931 1204 1472 1482  
1483 = 925 1205 1466 1483  
1484 = 1116 1228 1484 1574  
1485 = 905 1180 1485 1520  
1486 = 906 1181 1486 1521  
1487 = 903 1182 1487 1518  
1488 = 904 1183 1488 1519  
1489 = 902 1184 1489 1517  
1490 = 1138 1187 1490 1524  
1491 = 1101 1232 1491 1522  
1492 = 1102 1233 1492 1523  
1493 = 1053 1221 1493 1528  
1494 = 1054 1222 1494 1529  
1495 = 1051 1223 1495 1526  
1496 = 1052 1224 1496 1527  
1497 = 1050 1225 1497 1525  
1498 = 901 1179 1498 1611  
1499 = 1090 1229 1499 1612  
1500 = 1091 1230 1500 1613  
1501 = 1092 1231 1501 1614  
1502 = 970 1213 1502 1615  
1503 = 976 1214 1503 1621  
1504 = 971 1215 1504 1616  
1505 = 973 1216 1505 1618  
1506 = 972 1217 1506 1617  
1507 = 974 1218 1507 1619  
1508 = 977 1219 1508 1622  
1509 = 975 1220 1509 1620  
1510 = 963 1207 1510 1624  
1511 = 967 1209 1511 1626  
1512 = 965 1208 1512 1628  
1513 = 964 1210 1513 1625  
1514 = 968 1212 1514 1627  
1515 = 966 1211 1515 1629  
1516 = 969 1206 1516 1623  
1517 = 900 1234 1489 1517  
1518 = 898 1235 1487 1518  
1519 = 899 1236 1488 1519  
1520 = 896 1237 1485 1520  
1521 = 897 1238 1486 1521  
1522 = 1127 1247 1491 1522  
1523 = 1128 1248 1492 1523  
1524 = 1089 1286 1490 1524  
1525 = 962 1261 1497 1525  
1526 = 960 1262 1495 1526  
1527 = 961 1263 1496 1527  
1528 = 958 1264 1493 1528  
1529 = 959 1265 1494 1529  
1530 = 924 1239 1530 1585  
1531 = 922 1240 1531 1586  
1532 = 921 1241 1532 1583  
1533 = 923 1242 1533 1584  
1534 = 1152 1249 1534 1591  
1535 = 1151 1251 1535 1590  
1536 = 1150 1250 1536 1592  
1537 = 1148 1253 1537 1588  
1538 = 1149 1254 1538 1589  
1539 = 1147 1252 1539 1593  
1540 = 1119 1287 1540 1587  
1541 = 1086 1266 1541 1599  
1542 = 1085 1267 1542 1598  
1543 = 1084 1268 1543 1596  
1544 = 1082 1269 1544 1597  
1545 = 1081 1270 1545 1594  
1546 = 1083 1271 1546 1595  
1547 = 914 1243 1547 1550  
1548 = 913 1244 1548 1549  
1549 = 912 1245 1548 1549  
1550 = 911 1246 1547 1550  
1551 = 1141 1260 1551 1552  
1552 = 1114 1289 1551 1552  
1553 = 1074 1280 1553 1558  
1554 = 1073 1281 1554 1557  
1555 = 1072 1282 1555 1556  
1556 = 1071 1283 1555 1556  
1557 = 1070 1284 1554 1557  
1558 = 1069 1285 1553 1558  
1559 = 1137 1255 1559 1643  
1560 = 1136 1257 1560 1642  
1561 = 1135 1256 1561 1644  
1562 = 1133 1258 1562 1645  
1563 = 1134 1259 1563 1646  
1564 = 1100 1288 1564 1641  
1565 = 1049 1275 1565 1651  
1566 = 1047 1276 1566 1649  
1567 = 1048 1277 1567 1650  
1568 = 1045 1278 1568 1647  
1569 = 1046 1279 1569 1648  
1570 = 1042 1272 1570 1652  
1571 = 1044 1274 1571 1653  
1572 = 1043 1273 1572 1654  
1573 = 1120 1408 1436 1573  
1574 = 1126 1409 1484 1574  
1575 = 920 1398 1575 1576  
1576 = 919 1403 1575 1576  
1577 = 916 1399 1577 1580  
1578 = 917 1400 1578  
1579 = 918 1402 1579  
1580 = 915 1401 1577 1580  
1581 = 1146 1410 1581 1582  
1582 = 1118 1425 1581 1582  
1583 = 909 1404 1532 1583  
1584 = 910 1405 1533 1584  
1585 = 908 1407 1530 1585  
1586 = 907 1406 1531 1586  
1587 = 1140 1412 1540 1587  
1588 = 1112 1430 1537 1588  
1589 = 1113 1431 1538 1589  
1590 = 1111 1433 1535 1590  
1591 = 1110 1435 1534 1591  
1592 = 1109 1434 1536 1592  
1593 = 1108 1432 1539 1593  
1594 = 1067 1419 1545 1594  
1595 = 1068 1420 1546 1595  
1596 = 1066 1422 1543 1596  
1597 = 1065 1421 1544 1597  
1598 = 1064 1423 1542 1598  
1599 = 1063 1424 1541 1599  
1600 = 1132 1411 1600 1634  
1601 = 1098 1426 1601 1630  
1602 = 1099 1427 1602 1631  
1603 = 1097 1428 1603 1632  
1604 = 1096 1429 1604 1633  
1605 = 1040 1413 1605 1635  
1606 = 1041 1414 1606 1636  
1607 = 1039 1415 1607 1637  
1608 = 1038 1416 1608 1639  
1609 = 1037 1418 1609 1638  
1610 = 1036 1417 1610 1640  
1611 = 895 1290 1498 1611  
1612 = 1123 1291 1499 1612  
1613 = 1124 1292 1500 1613  
1614 = 1125 1293 1501 1614  
1615 = 950 1302 1502 1615  
1616 = 952 1303 1504 1616  
1617 = 954 1304 1506 1617  
1618 = 953 1305 1505 1618  
1619 = 955 1306 1507 1619  
1620 = 957 1307 1509 1620  
1621 = 951 1308 1503 1621  
1622 = 956 1309 1508 1622  
1623 = 943 1310 1516 1623  
1624 = 944 1311 1510 1624  
1625 = 947 1312 1513 1625  
1626 = 946 1313 1511 1626  
1627 = 949 1314 1514 1627  
1628 = 945 1315 1512 1628  
1629 = 948 1316 1515 1629  
1630 = 1144 1296 1601 1630  
1631 = 1145 1297 1602 1631  
1632 = 1143 1295 1603 1632  
1633 = 1142 1294 1604 1633  
1634 = 1117 1389 1600 1634  
1635 = 1079 1317 1605 1635  
1636 = 1080 1318 1606 1636  
1637 = 1075 1319 1607 1637  
1638 = 1078 1320 1609 1638  
1639 = 1077 1322 1608 1639  
1640 = 1076 1321 1610 1640  
1641 = 1139 1301 1564 1641  
1642 = 1107 1395 1560 1642  
1643 = 1106 1397 1559 1643  
1644 = 1105 1396 1561 1644  
1645 = 1103 1393 1562 1645  
1646 = 1104 1394 1563 1646  
1647 = 1061 1381 1568 1647  
1648 = 1062 1382 1569 1648  
1649 = 1059 1383 1566 1649  
1650 = 1060 1384 1567 1650  
1651 = 1058 1385 1565 1651  
1652 = 1055 1386 1570 1652  
1653 = 1057 1387 1571 1653  
1654 = 1056 1388 1572 1654  
1655 = 1129 1298 1655 1658  
1656 = 1131 1299 1656 1660  
1657 = 1130 1300 1657 1659  
1658 = 1093 1390 1655 1658  
1659 = 1095 1391 1657 1659  
1660 = 1094 1392 1656 1660  
1661 = 1035 1323 1661 1687  
1662 = 1034 1324 1662 1686  
1663 = 1026 1325 1663 1671  
1664 = 1028 1326 1664 1673  
1665 = 1030 1327 1665 1675  
1666 = 1029 1328 1666 1674  
1667 = 1031 1329 1667 1676  
1668 = 1033 1330 1668 1678  
1669 = 1027 1331 1669 1672  
1670 = 1032 1332 1670 1677  
1671 = 1018 1340 1663 1671  
1672 = 1024 1341 1669 1672  
1673 = 1019 1342 1664 1673  
1674 = 1021 1343 1666 1674  
1675 = 1020 1344 1665 1675  
1676 = 1022 1345 1667 1676  
1677 = 1025 1346 1670 1677  
1678 = 1023 1347 1668 1678  
1679 = 1015 1339 1679  
1680 = 1003 1333 1680 1688  
1681 = 1007 1335 1681 1690  
1682 = 1005 1334 1682 1692  
1683 = 1004 1336 1683 1689  
1684 = 1008 1338 1684 1691  
1685 = 1006 1337 1685 1693  
1686 = 1017 1379 1662 1686  
1687 = 1016 1380 1661 1687  
1688 = 1009 1373 1680 1688  
1689 = 1012 1374 1683 1689  
1690 = 1011 1375 1681 1690  
1691 = 1014 1376 1684 1691  
1692 = 1010 1377 1682 1692  
1693 = 1013 1378 1685 1693  
1694 = 990 1349 1694 1696  
1695 = 985 1348 1695 1712  
1696 = 979 1350 1694 1696  
1697 = 1002 1351 1697 1710  
1698 = 998 1352 1698 1702  
1699 = 993 1353 1699  
1700 = 995 1357 1700  
1701 = 1001 1359 1701 1709  
1702 = 992 1361 1698 1702  
1703 = 986 1360 1703 1713  
1704 = 983 1358 1704 1715  
1705 = 984 1356 1705 1714  
1706 = 988 1355 1706  
1707 = 982 1354 1707 1717  
1708 = 999 1369 1708  
1709 = 997 1370 1701 1709  
1710 = 991 1372 1697 1710  
1711 = 981 1371 1711 1716  
1712 = 978 1362 1695 1712  
1713 = 996 1363 1703 1713  
1714 = 989 1364 1705 1714  
1715 = 994 1365 1704 1715  
1716 = 1000 1366 1711 1716  
1717 = 987 1368 1707 1717  
1718 = 980 1367 1718  