0 = 0 1  
1 = 0 1  
2 = 2  
3 = 3  
4 = 4  
5 = 5 13  
6 = 6 15  
7 = 7 17  
8 = 8 16  
9 = 9 18  
10 = 10 20  
11 = 11 14  
12 = 12 19  
13 = 5 13  
14 = 11 14  
15 = 6 15  
16 = 8 16  
17 = 7 17  
18 = 9 18  
19 = 12 19  
20 = 10 20  
21 = 21 28  
22 = 22 30  
23 = 23 27  
24 = 24 29  
25 = 25 26  
26 = 25 26  
27 = 23 27  
28 = 21 28  
29 = 24 29  
30 = 22 30  
31 = 31 40  
32 = 32 42  
33 = 33 39  
34 = 34 41  
35 = 35 38  
36 = 36 37  
37 = 36 37  
38 = 35 38  
39 = 33 39  
40 = 31 40  
41 = 34 41  
42 = 32 42  
43 = 43 61  
44 = 44 62  
45 = 45 63  
46 = 46 70  
47 = 47 67  
48 = 48 65  
49 = 49 66  
50 = 50 74  
51 = 51 76  
52 = 52 75  
53 = 53 72  
54 = 54 73  
55 = 55 69  
56 = 56 60  
57 = 57 64  
58 = 58 71  
59 = 59 68  
60 = 56 60  
61 = 43 61  
62 = 44 62  
63 = 45 63  
64 = 57 64  
65 = 48 65  
66 = 49 66  
67 = 47 67  
68 = 59 68  
69 = 55 69  
70 = 46 70  
71 = 58 71  
72 = 53 72  
73 = 54 73  
74 = 50 74  
75 = 52 75  
76 = 51 76  